1 DONALD_KNUTH 8.5 1 9.0 1 9.1 1 0.0 2 9.3 1 0.0 2 8.9 1
2 RICHARD_STALLMAN 1.9 1 0.0 2 6.4 1 0.0 2 4.5 1 0.0 2 4.4 1
3 JEAN_LAURENT 4.1 1 6.6 1 0.0 2 0.0 2 9.4 1 0.0 2 9.8 1
4 GRACE_HOPPER 7.8 1 0.0 2 8.7 1 0.0 2 9.2 1 0.0 2 9.0 1
5 SHERYL_SANDERG 0.0 2 5.9 1 4.3 1 0.0 2 3.3 1 0.4 1 0.0 2
6 JOHN_VON_NEUMANN 9.3 1 0.0 2 8.8 1 0.0 2 9.0 1 0.0 2 8.9 1
7 ADA_LOVELACE 9.4 1 0.0 2 8.8 1 0.0 2 9.6 1 0.0 2 8.7 1
8 KATHERINE_JOHNSON 2.0 1 0.0 2 4.9 1 0.0 2 2.0 1 5.3 1 0.0 2
9 ANDREW_TANENBAUM 9.5 1 6.8 1 0.0 2 0.0 2 8.9 1 0.0 2 9.1 1
10 RADIA_PERLMAN 8.6 1 4.0 1 0.0 2 0.0 2 4.7 1 0.0 2 0.0 2
11 SERGEY_BRIN 9.1 1 0.0 2 8.8 1 0.0 2 8.9 1 0.0 2 9.0 1
12 VINT_CERF 5.0 1 5.0 1 5.0 1 0.0 2 5.0 1 0.0 2 0.0 2
13 DENNIS_RITCHIE 9.0 1 0.0 2 8.9 1 0.0 2 9.4 1 0.0 2 8.8 1
14 ALAN_TURING 0.0 2 0.0 2 10.0 1 0.0 2 10.0 1 10.0 1 10.0 1
15 LARRY_PAGE 5.0 1 0.0 2 7.8 1 0.0 2 5.4 1 0.0 2 5.8 1
16 TIM_BERNERS_LEE 7.2 1 0.0 2 9.5 1 0.0 2 9.4 1 0.0 2 9.8 1
17 BRIAN_KERNIGHAN 9.2 1 8.5 1 9.7 1 0.0 2 9.5 1 9.8 1 9.8 1
18 MARISSA_MAYER 0.0 2 5.0 1 4.4 1 0.0 2 4.9 1 0.0 2 0.0 2
19 LINUS_TORVALDS 6.0 1 0.0 2 1.9 1 0.0 2 7.1 1 8.1 1 0.0 2
20 SUNDAR_PICHAI 3.6 1 0.0 2 4.9 1 0.0 2 9.2 1 0.0 2 2.8 1
