1 DONALD_KNUTH 8.5 1 4.0 2 9.1 1 3.5 2 9.3 1 1.9 2 8.9 1
18 MARISSA_MAYER 7.0 2 9.2 1 6.1 1 1.4 2 6.9 1 7.7 2 6.0 1
11 SERGEY_BRIN 9.1 1 1.1 2 8.8 1 7.4 2 9.2 1 5.6 2 9.0 1
3 JEAN_LAURENT 6.5 1 6.6 1 8.0 2 6.9 2 9.4 1 5.5 2 9.8 1
10 RADIA_PERLMAN 9.6 1 7.5 2 4.2 1 4.2 2 9.7 1 4.9 2 8.2 1
14 ALAN_TURING 10.0 2 9.0 2 9.5 1 10.0 2 9.1 1 6.0 1 9.0 1
4 GRACE_HOPPER 9.0 1 5.6 2 8.7 1 9.7 2 9.2 1 4.1 2 9.0 1
7 ADA_LOVELACE 9.4 1 6.5 2 8.8 1 8.4 2 9.6 1 0.4 2 8.7 1
15 LARRY_PAGE 5.0 1 8.4 2 7.8 1 3.3 2 5.4 1 4.7 2 5.8 1
2 RICHARD_STALLMAN 6.2 1 9.8 2 6.4 1 6.9 2 4.5 1 7.5 2 6.5 1
12 VINT_CERF 5.0 1 8.0 1 5.0 1 5.0 2 5.5 1 5.0 2 7.0 2
9 ANDREW_TANENBAUM 9.5 1 6.8 1 9.2 2 9.9 2 8.0 1 4.5 2 9.1 1
5 SHERYL_SANDERG 8.0 2 5.9 1 6.3 1 4.6 2 3.3 1 0.4 1 3.9 2
19 LINUS_TORVALDS 6.0 1 7.0 2 5.1 1 1.9 2 7.1 1 8.1 1 2.6 2
