14 ALAN_TURING 10.0 1 10.0 1 10.0 1 10.0 1 10.0 1 10.0 1 10.0 1
7 ADA_LOVELACE 9.4 1 4.3 1 8.8 1 8.4 1 9.6 1 0.4 1 8.7 1
9 ANDREW_TANENBAUM 9.5 1 6.8 1 9.2 1 9.9 1 8.9 1 4.5 1 9.1 1
17 BRIAN_KERNIGHAN 9.2 1 8.8 1 8.7 1 2.3 1 9.5 1 6.3 1 9.8 1
13 DENNIS_RITCHIE 9.0 1 3.4 1 8.9 1 3.1 1 9.4 1 0.9 1 8.8 1
1 DONALD_KNUTH 8.5 1 4.0 1 9.1 1 3.5 1 9.3 1 1.9 1 8.9 1
4 GRACE_HOPPER 7.8 1 5.6 1 8.7 1 9.7 1 9.2 1 4.1 1 9.0 1
3 JEAN_LAURENT 4.1 1 6.6 1 2.0 1 6.9 1 9.4 1 5.5 1 9.8 1
6 JOHN_VON_NEUMANN 9.3 1 5.9 1 8.8 1 5.3 1 9.0 1 0.4 1 8.9 1
8 KATHERINE_JOHNSON 2.0 1 1.5 1 4.9 1 0.3 1 2.0 1 5.3 1 4.4 1
15 LARRY_PAGE 5.0 1 8.4 1 7.8 1 3.3 1 5.4 1 4.7 1 5.8 1
19 LINUS_TORVALDS 6.0 1 3.3 1 1.9 1 1.9 1 7.1 1 8.1 1 2.6 1
18 MARISSA_MAYER 4.4 1 10.0 1 4.4 1 1.4 1 4.9 1 7.7 1 6.0 1
10 RADIA_PERLMAN 8.6 1 7.2 1 4.2 1 4.2 1 9.7 1 4.9 1 0.8 1
2 RICHARD_STALLMAN 1.9 1 9.8 1 6.4 1 6.9 1 4.5 1 7.5 1 4.4 1
11 SERGEY_BRIN 9.1 1 1.1 1 8.8 1 7.4 1 8.9 1 5.6 1 9.0 1
5 SHERYL_SANDERG 2.0 1 5.9 1 4.3 1 4.6 1 3.3 1 0.4 1 3.9 1
20 SUNDAR_PICHAI 3.6 1 6.5 1 4.9 1 6.9 1 9.2 1 3.7 1 2.8 1
16 TIM_BERNERS_LEE 7.2 1 7.1 1 9.5 1 5.6 1 9.4 1 9.4 1 9.8 1
12 VINT_CERF 5.0 1 5.0 1 5.0 1 5.0 1 5.0 1 5.0 1 5.0 1
